"","Atrial cardiomyocytes","Capillary endothelium","Cardiac neural crest cells & Schwann progenitor cells","Endothelium / pericytes / adventitia","Epicardial cells","Epicardium-derived cells","Fibroblast-like (related to cardiac skeleton connective tissue)","Fibroblast-like (related to larger vascular development)","Fibroblast-like (related to smaller vascular development)","Myoz2-enriched cardiomyocytes","Smooth muscle cells / fibroblast-like)","Ventricular cardiomyocytes"
"227_2332",0.715966152371647,1.0673952619595e-08,0.00934427985582914,1.06739526176799e-08,0.179922732148678,0.0520051012777717,0.042761659628406,1.0673952619595e-08,1.0673952619595e-08,1.0673952619595e-08,1.0673952619595e-08,1.0673952619595e-08
"227_2756",0.838901358489523,0.00427107958662212,0.0184701732582677,1.11188938513095e-08,0.138357299714436,1.11188938513095e-08,1.11188938513095e-08,1.11188938513095e-08,1.11188938513095e-08,1.11188938513095e-08,1.11188938513095e-08,1.11188938513095e-08
"227_3180",0.808823592631243,1.18069883660858e-08,1.18069883661559e-08,1.18069883661559e-08,0.191176289298873,1.18069883661559e-08,1.18069883661559e-08,1.18069883660858e-08,1.18069883661559e-08,1.18069883661559e-08,1.18069883661559e-08,1.18069883661559e-08
"227_3604",0.580646421826506,0.00123570936984685,1.08335385743046e-08,1.08335385743046e-08,0.40348554451791,1.08335385743046e-08,1.08335385743046e-08,0.0146322376174282,1.08335385743046e-08,1.08335385743046e-08,1.08335385742402e-08,1.08335385743046e-08
"227_4028",0.366028929983493,1.24793731682182e-08,0.0171782381182603,1.24793731682182e-08,0.616792719583888,1.24793731682182e-08,1.24793731682182e-08,1.24793731682182e-08,1.24793731682182e-08,1.24793731682182e-08,1.24793731682182e-08,1.24793731682182e-08
"227_4452",0.403471751990004,1.27325332697438e-08,0.0286764460858856,1.27325332697438e-08,0.557708452355352,1.27325332697438e-08,1.27325332697438e-08,1.27325332697438e-08,0.0101432477084928,1.27325332697438e-08,1.27325332697438e-08,1.27325332697438e-08
"681_1908",0.805746035668255,1.08851589822582e-08,0.0464629961535397,1.08851589822582e-08,0.13357324210615,0.01215959819655,1.08851589822582e-08,1.08851589822582e-08,0.00205805167939257,1.08851589822582e-08,1.08851589822582e-08,1.08851589822582e-08
"681_2332",0.846232060172031,1.22323852987697e-08,1.22323852987697e-08,1.22323852987697e-08,0.153767817504116,1.22323852987697e-08,1.22323852987697e-08,1.22323852987697e-08,1.22323852987697e-08,1.22323852987697e-08,1.22323852987697e-08,1.22323852923311e-08
"681_2756",0.92189305078983,0.0725297973648881,0.00557703749068411,1.27060664700037e-08,1.27060664700037e-08,1.27060664700037e-08,1.27060664700037e-08,1.27060664700037e-08,1.27060664700037e-08,1.27060664633158e-08,1.27060664700037e-08,1.27060664700037e-08
"681_3180",0.833599079989406,0.124716797437974,0.0416840094510792,1.25690601729499e-08,1.25690601729499e-08,1.25690601729499e-08,1.25690601729499e-08,1.25690601729499e-08,1.25690601729499e-08,1.25690601729499e-08,1.25690601729499e-08,1.25690601729499e-08
"681_3604",0.975243981218926,0.0247558945615664,1.24219507711225e-08,1.24219507711225e-08,1.24219507711225e-08,1.24219507711225e-08,1.24219507711225e-08,1.24219507711225e-08,1.24219507711225e-08,1.24219507711225e-08,1.24219507711225e-08,1.24219507711225e-08
"681_4028",0.999999853260327,1.33399702486769e-08,1.33399702486769e-08,1.33399702486769e-08,1.33399702486769e-08,1.33399702486769e-08,1.33399702486769e-08,1.33399702486769e-08,1.33399702486769e-08,1.33399702486769e-08,1.33399702486769e-08,1.33399702486769e-08
"681_4452",0.987567183924615,0.0124326872288452,1.28846539655894e-08,1.28846539655894e-08,1.28846539655894e-08,1.28846539655894e-08,1.28846539655894e-08,1.28846539655894e-08,1.28846539655894e-08,1.28846539655894e-08,1.28846539655128e-08,1.28846539655894e-08
"681_4876",0.788640675132731,1.19002215142357e-08,1.19002215142357e-08,1.19002215142357e-08,0.191645597341331,0.019713620423945,1.19002215142357e-08,1.19002215142357e-08,1.19002215142357e-08,1.1900221514165e-08,1.19002215142357e-08,1.19002215142357e-08
"1135_1484",0.974340911413719,1.36137081352184e-08,0.0256589524491999,1.36137081352184e-08,1.36137081352184e-08,1.36137081352184e-08,1.36137081352184e-08,1.36137081352184e-08,1.36137081352184e-08,1.36137081352184e-08,1.36137081352184e-08,1.36137081352184e-08
"1135_1908",0.994559289216765,1.51213211892335e-08,1.51213211892335e-08,1.51213211892335e-08,0.00544055957002349,1.51213211892335e-08,1.51213211892335e-08,1.51213211892335e-08,1.51213211892335e-08,1.51213211892335e-08,1.51213211892335e-08,1.51213211892335e-08
"1135_2332",0.956370745043201,0.0418926796234572,1.35659731438803e-08,1.35659731438733e-08,0.00173645323958383,1.35659731438803e-08,1.35659731438803e-08,1.35659731438803e-08,1.35659731437998e-08,1.35659731438803e-08,1.35659731438803e-08,1.35659731438803e-08
"1135_2756",0.977050788532759,0.0122578498289387,0.0106912334293298,1.4245441385177e-08,1.4245441385177e-08,1.4245441385177e-08,1.4245441385177e-08,1.4245441385177e-08,1.4245441385177e-08,1.4245441385177e-08,1.4245441385177e-08,1.42454413844746e-08
"1135_3180",0.942985829939775,0.0140053278234696,0.0423399940940467,1.40909466643087e-08,0.000668735415135168,1.40909466643087e-08,1.40909466643087e-08,1.40909466643087e-08,1.40909466643087e-08,1.40909466643087e-08,1.40909466643087e-08,1.40909466568919e-08
"1135_3604",0.970581618677737,0.0294182299910138,1.51331249281422e-08,1.51331249281422e-08,1.51331249280523e-08,1.51331249281422e-08,1.51331249281422e-08,1.51331249280523e-08,1.51331249281422e-08,1.5133124927396e-08,1.51331249281422e-08,1.51331249201768e-08
"1135_4028",0.924485287822242,0.0426226797433769,1.25228910511087e-08,1.25228910511087e-08,0.00588311110394559,1.25228910511087e-08,1.25228910511087e-08,0.0270088211473073,1.25228910511087e-08,1.25228910511087e-08,1.25228910511087e-08,1.25228910511087e-08
"1135_4876",0.98700970730746,0.0129901643859886,1.28306551508824e-08,1.28306551508824e-08,1.28306551508824e-08,1.28306551508824e-08,1.28306551508824e-08,1.28306551508824e-08,1.28306551508824e-08,1.28306551508824e-08,1.28306551508824e-08,1.28306551508824e-08
"1135_5300",0.821859272548365,1.14040913084468e-08,1.14040913084468e-08,1.14040913084468e-08,0.17693695157539,0.001203673239423,1.14040913084468e-08,1.1404091308379e-08,1.14040913084468e-08,1.14040913084468e-08,1.14040913084468e-08,1.14040913064007e-08
"1135_9540",1.17834604750565e-08,1.17834604750565e-08,1.17834604750565e-08,1.17834604750565e-08,0.217145248985771,0.751610155902058,1.17834604750565e-08,0.0312444890610269,1.17834604750565e-08,1.17834604750565e-08,1.17834604750565e-08,1.17834604750565e-08
"1135_9964",0.0160001279299737,0.151156885863929,1.28786011613402e-08,1.28786011613402e-08,0.171992982447207,0.45864606441138,1.28786011613402e-08,1.28786011613402e-08,0.159097452226459,1.28786011612637e-08,1.28786011612637e-08,0.0431064098494443
"1135_10388",1.20484110086806e-08,1.20484110086806e-08,1.20484110086806e-08,0.0603007438329786,0.146482444682487,0.570686098447196,1.20484110086806e-08,1.20484110086806e-08,0.163628431616579,0.0589021970818826,1.2048411008609e-08,1.20484110086806e-08
"1135_10812",1.54761959274592e-08,1.54761959274592e-08,1.54761959274592e-08,1.54761959274592e-08,0.103309983535371,0.762762266689905,1.54761959274592e-08,1.54761959274592e-08,0.133927610488961,1.54761959274592e-08,1.54761959274592e-08,1.54761959274592e-08
"1589_1060",0.944248908671116,1.2931132908516e-08,1.2931132908516e-08,1.2931132908516e-08,0.0557509620175548,1.2931132908516e-08,1.2931132908516e-08,1.2931132908516e-08,1.2931132908516e-08,1.2931132908516e-08,1.2931132908516e-08,1.2931132908516e-08
"1589_1484",0.981834448284716,0.00662284286085532,0.0105630055224652,1.2501812130895e-08,0.000979603317466917,1.2501812130895e-08,1.2501812130895e-08,1.2501812130895e-08,1.2501812130895e-08,1.2501812130895e-08,1.2501812130895e-08,1.25018121308207e-08
"1589_1908",0.933548798878114,0.0594524330363609,1.28840909624344e-08,1.28840909624344e-08,0.00699865212870596,1.28840909624344e-08,1.28840909624344e-08,1.28840909624344e-08,1.28840909624344e-08,1.28840909624344e-08,1.28840909624344e-08,1.28840909624344e-08
"1589_2332",0.994898812951264,0.00510106271943898,1.24329297326014e-08,1.24329297326014e-08,1.24329297326014e-08,1.24329297326014e-08,1.24329297326014e-08,1.24329297326014e-08,1.24329297326014e-08,1.24329297326014e-08,1.24329297325276e-08,1.24329297326014e-08
"1589_2756",0.901205359451607,0.0611288867525704,0.0328706030662629,1.61572260687343e-08,0.00479502147175091,1.61572260686383e-08,1.61572260687343e-08,1.61572260687343e-08,1.61572260687343e-08,1.61572260687343e-08,1.61572260687343e-08,1.61572260687343e-08
"1589_4876",0.996795255430729,0.0019077637117567,0.00129685041876404,1.44931944876615e-08,1.44931944876615e-08,1.44931944876615e-08,1.44931944876615e-08,1.44931944876615e-08,1.44931944876615e-08,1.44931944876615e-08,1.44931944876615e-08,1.44931944800329e-08
"1589_5300",0.947504151375655,1.08629392675141e-08,1.08629392675141e-08,0.00246012766019224,0.0500356231976991,1.08629392675141e-08,1.08629392675141e-08,1.08629392675141e-08,1.08629392675141e-08,1.08629392675141e-08,1.08629392675141e-08,1.08629392675141e-08
"1589_8692",0.102108782347493,1.204803092864e-08,1.204803092864e-08,0.00251374320902046,0.00509889052723289,0.191855294837568,1.204803092864e-08,0.0403751429575969,0.0708867945946821,1.204803092864e-08,1.204803092864e-08,0.587161291286253
"1589_9116",0.0327648320546413,1.09495236138145e-08,1.09495236138145e-08,1.09495236138145e-08,0.0124524286465753,0.446549677978988,1.09495236138145e-08,1.09495236138145e-08,1.09495236138145e-08,0.123480632019576,1.09495236138145e-08,0.384752352653555
"1589_9540",1.04082699097949e-08,1.04082699097949e-08,1.04082699097949e-08,1.04082699097949e-08,0.0277321077994913,0.0764003935541288,1.04082699097949e-08,0.00142862893778044,0.110183692017619,1.04082699097949e-08,1.04082699097949e-08,0.784255104833091
"1589_9964",0.0322516485643963,0.00430206696716511,1.00421825129658e-08,1.00421825129658e-08,0.00106004197765895,1.00421825129658e-08,0.0652662213234054,1.00421825129658e-08,1.00421825129658e-08,1.00421825129658e-08,1.00421825129658e-08,0.897119950872097
"1589_10388",0.0491081314908015,9.97949156874765e-09,0.120193256877448,9.97949156874765e-09,9.97949156874765e-09,9.97949156874765e-09,9.97949156874765e-09,9.97949156874765e-09,0.115918821879209,0.184231356450461,9.97949156874765e-09,0.530548363445639
"1589_10812",0.0513922707392922,1.12771870734662e-08,0.0761658271268371,1.12771870734662e-08,1.12771870734662e-08,1.12771870734662e-08,1.12771870734662e-08,0.0455124652496464,0.408578988693423,1.12771870734662e-08,1.12771870734662e-08,0.418350369250492
"1589_11236",0.0106035405706205,1.08641548663277e-08,0.0988248460943167,1.08641548663277e-08,0.0503314179492811,0.0511168262630602,1.08641548663277e-08,0.102643922708982,0.0163502834204372,0.271457310624948,1.08641548663277e-08,0.398671808911734
"1589_11660",0.0271990355820701,1.05847179939488e-08,1.05847179939488e-08,0.00797520168484564,0.0446307412134169,0.140068962531202,1.05847179939488e-08,1.05847179939488e-08,0.120079615577933,1.05847179939488e-08,1.05847179939488e-08,0.660046379902224
"1589_12084",0.0271219135329357,1.09920335295343e-08,1.09920335295343e-08,1.09920335295343e-08,0.040566836430255,0.26499964071784,1.09920335295343e-08,0.0715617998802588,0.0886364727603864,0.185402190623722,1.09920335295343e-08,0.321711091094435
"1589_12508",0.165915847209818,0.0159589456279092,0.138337817612743,1.15714952928468e-08,0.249552261110293,1.15714952928468e-08,1.15714952928468e-08,0.0274063071439294,0.168569244299979,1.15714952928468e-08,1.15714952928468e-08,0.234259519137851
"2043_1484",0.84972143864983,0.0240639383574392,1.20560247125569e-08,1.20560247125569e-08,0.126214514488508,1.20560247125569e-08,1.20560247125569e-08,1.20560247125569e-08,1.20560247125569e-08,1.20560247125569e-08,1.20560247125569e-08,1.20560247062111e-08
"2043_1908",0.986294356954009,1.46971746285604e-08,1.46971746285604e-08,1.46971746285604e-08,0.0137054960742447,1.46971746285604e-08,1.46971746284732e-08,1.46971746285604e-08,1.46971746285604e-08,1.46971746285604e-08,1.46971746285604e-08,1.46971746208245e-08
"2043_2332",0.812823593611802,1.14650315759326e-08,1.14650315759326e-08,1.14650315759326e-08,0.186790741541148,0.000385561661765735,1.14650315759326e-08,1.14650315759326e-08,1.14650315759326e-08,1.14650315759326e-08,1.14650315759326e-08,1.14650315759326e-08
"2043_2756",0.981866730208745,1.60885359986705e-08,0.0181331089058952,1.6088535998766e-08,1.6088535998766e-08,1.6088535998766e-08,1.6088535998766e-08,1.6088535998766e-08,1.6088535998766e-08,1.6088535998766e-08,1.6088535998766e-08,1.6088535998766e-08
"2043_4876",0.986713166058667,0.0120818196931978,1.49626390633748e-08,1.49626390633748e-08,0.00120487958438386,1.49626390633748e-08,1.49626390633748e-08,1.49626390633748e-08,1.4962639063286e-08,1.49626390633748e-08,1.49626390633748e-08,1.49626390633748e-08
"2043_5300",0.826439136535171,1.20735081820007e-08,0.164222807414601,0.00343765488044537,1.20735081820724e-08,1.20735081820724e-08,1.20735081820724e-08,0.00590030458171656,1.20735081820724e-08,1.20735081820724e-08,1.20735081820724e-08,1.20735081820724e-08
"2043_5724",0.414626806117246,1.11819776644917e-08,0.0929169811644625,1.11819776644917e-08,0.325423015891266,1.11819776644917e-08,1.11819776644917e-08,1.11819776644917e-08,0.135168097241092,1.11819776644917e-08,0.0318650213120911,1.11819776644917e-08
"2043_7420",1.26224134492126e-08,1.26224134492126e-08,1.26224134492126e-08,1.26224134492126e-08,0.598567797123883,0.267414464415838,0.0748295057433381,0.024256750291032,1.26224134492126e-08,1.26224134492126e-08,0.0349313940690145,1.26224134492126e-08
"2043_8692",0.0136268332581078,9.81694513260245e-09,0.0447887091254824,9.81694513260245e-09,0.00292244024580527,9.81694513260245e-09,9.81694513260245e-09,9.81694513260245e-09,0.113524232012143,0.0986466172778637,9.81694513260245e-09,0.726491109178927
"2043_9116",0.0757766387059075,0.0111381440401603,9.74867562292941e-09,9.74867562292941e-09,0.00797815461101692,0.0381622087994725,9.74867562292941e-09,9.74867562292941e-09,0.089550707181031,0.0561618385631091,9.74867562292941e-09,0.721232259355925
"2043_9540",0.0103006234651269,9.07608649958382e-09,0.00106335510117006,0.0027544541411939,9.07608649958382e-09,9.07608649958382e-09,9.07608649958382e-09,9.07608649958382e-09,0.04853107709614,0.0374510528777279,9.07608649958382e-09,0.899899382862122
"2043_9964",0.0604037385957274,1.08194081258369e-08,1.08194081258369e-08,1.08194081258369e-08,0.00320854851871622,1.08194081258369e-08,1.08194081258369e-08,1.08194081258369e-08,0.179926411909222,0.0260323547661009,1.08194081258369e-08,0.730428870474377
"2043_10388",9.96747799542442e-09,9.96747799542442e-09,9.96747799536523e-09,9.96747799542442e-09,0.00493014887514771,9.96747799542442e-09,9.96747799542442e-09,9.96747799542442e-09,0.186759119272113,9.96747799542442e-09,9.96747799542442e-09,0.808310642145437
"2043_10812",0.039852429039034,0.00343696038475414,0.0498434842851636,9.07091401136397e-09,0.016264603214287,9.07091401136397e-09,9.07091401136397e-09,9.07091401136397e-09,0.0853676928223649,0.200643665274427,9.07091401136397e-09,0.604591119625399
"2043_11236",1.14758938524896e-08,1.14758938525578e-08,0.0672926019458111,0.0259879240202063,1.14758938525578e-08,1.14758938525578e-08,1.14758938525578e-08,0.1132871356913,0.184413397762098,0.198306864759736,1.14758938524896e-08,0.410712006965486
"2043_11660",0.0261533458969973,8.90114219759079e-09,8.90114219759079e-09,8.90114219759079e-09,0.0137635233230868,8.90114219759079e-09,8.90114219759079e-09,8.90114219759079e-09,0.0460216602234534,0.323906727384898,8.90114219759079e-09,0.590154680863569
"2043_12084",0.00821997740257881,1.01512295459274e-08,0.133936436401102,1.01512295459274e-08,1.01512295459274e-08,1.01512295459274e-08,1.01512295459274e-08,1.01512295459274e-08,0.0325991322883136,0.013483318886137,1.01512295459274e-08,0.811761063963262
"2043_12508",0.0330678121412985,0.0126674168947618,0.00412934151986687,9.6459284266144e-09,0.0120381972967178,9.6459284266144e-09,9.6459284266144e-09,0.116843005495282,0.0939942928852301,0.142316922508404,9.6459284266144e-09,0.584942972674725
"2043_12932",0.108977372891698,1.05488919726657e-08,1.05488919726657e-08,1.05488919726657e-08,0.0642982263923949,0.0568713155003245,1.05488919726657e-08,0.173753759884166,1.05488919726657e-08,0.0821958193485463,1.05488919726657e-08,0.513903442689518
"2043_13356",0.0165640160497852,1.2264676256427e-08,0.152377767187887,1.22646762563542e-08,0.103204567183678,0.361836940393989,0.064101619344896,1.2264676256427e-08,1.2264676256427e-08,1.2264676256427e-08,1.2264676256427e-08,0.301915016251707
"2497_1060",0.773936559003673,1.03974034971922e-08,1.03974034971922e-08,1.03974034971922e-08,0.157690378125606,0.0665796400108739,1.03974034971922e-08,1.03974034971922e-08,0.00179333968061891,1.03974034971922e-08,1.03974034971922e-08,1.03974034917194e-08
"2497_1484",0.556645097755488,1.14826037304089e-08,0.0080798740889712,1.14826037304089e-08,0.291927167689136,0.0955844935863197,0.00901514476056728,1.14826037304089e-08,0.0387481532238951,1.14826037304089e-08,1.14826037304089e-08,1.14826037304089e-08
"2497_1908",0.620171745806763,1.15649967852709e-08,1.15649967852709e-08,1.15649967852709e-08,0.261712691010274,0.0769707453446304,0.00162562563585345,1.15649967852709e-08,0.0395191112475015,1.15649967852709e-08,1.15649967852709e-08,1.15649967852709e-08
"2497_2332",0.508558380162898,1.21636275582693e-08,1.21636275582693e-08,1.21636275582693e-08,0.354852523701545,0.0631503712995947,1.21636275582693e-08,1.21636275582693e-08,0.0560253834853257,1.21636275582693e-08,0.0174132562052442,1.21636275582693e-08
"2497_2756",0.999999848098668,1.38092120307254e-08,1.38092120307254e-08,1.38092120307254e-08,1.38092120307254e-08,1.38092120307254e-08,1.38092120306434e-08,1.38092120307254e-08,1.38092120307254e-08,1.38092120307254e-08,1.38092120307254e-08,1.38092120307254e-08
"2497_4876",0.996618789789068,1.55875089040417e-08,1.55875089041342e-08,0.00338105433584243,1.55875089041342e-08,1.55875089041342e-08,1.55875089041342e-08,1.55875089041342e-08,1.55875089041342e-08,1.55875089041342e-08,1.55875089041342e-08,1.55875089041342e-08
"2497_5300",0.930073749909162,1.17475411588375e-08,0.0609433904477047,1.17475411587677e-08,0.00288018561834385,1.17475411588375e-08,1.17475411588375e-08,0.00610258004446025,1.17475411588375e-08,1.17475411588375e-08,1.17475411588375e-08,1.17475411588375e-08
"2497_5724",0.617902097617553,1.06240968280825e-08,1.06240968280825e-08,1.06240968280825e-08,0.295734936796367,0.0632311456349938,1.06240968280825e-08,1.06240968280825e-08,1.06240968280825e-08,1.06240968280825e-08,0.0231317349583116,1.06240968280825e-08
"2497_8692",0.0594380493116898,9.14874936428398e-09,9.14874936433831e-09,0.00827811642421259,0.00656940928514145,9.14874936433831e-09,9.14874936433831e-09,0.00427654371638446,0.0943557834118815,0.142953980086068,9.14874936433831e-09,0.684128072020876
"2497_9116",0.0663071324234036,9.01448382441697e-09,0.00684048174352547,9.01448382441697e-09,0.00813095754809844,9.01448382441697e-09,0.0059899598424135,9.01448382441697e-09,0.0561564317720665,0.200751320074223,9.01448382441697e-09,0.65582367152385
"2497_9540",0.0438723664773445,9.0996196977051e-09,9.0996196977051e-09,9.0996196977051e-09,9.0996196977051e-09,9.0996196977051e-09,9.0996196977051e-09,9.0996196977051e-09,9.0996196977051e-09,0.187908509974935,9.0996196977051e-09,0.768219041651143
"2497_9964",0.0834356077508699,9.70628534638621e-09,9.70628534638621e-09,9.70628534638621e-09,9.70628534638621e-09,9.70628534638621e-09,9.70628534638621e-09,0.0101494983686355,9.70628534638621e-09,9.70628534638621e-09,9.70628534638621e-09,0.906414806523927
"2497_10388",0.206253394318008,0.0339743069776008,9.72487381607044e-09,9.72487381607044e-09,0.00658093928613538,9.72487381607044e-09,9.72487381607044e-09,0.0449249768028589,0.029927398891204,0.179647972550874,9.72487381607044e-09,0.49869096254895
"2497_10812",0.0774253863050397,8.919155013808e-09,8.919155013808e-09,8.919155013808e-09,0.00766040069183003,8.919155013808e-09,0.00326400386923791,8.919155013808e-09,0.00220547675685658,0.129296942127674,8.919155013808e-09,0.780147736734432
"2497_11236",0.0847968256244714,8.27853684012247e-09,0.0131213635135454,8.27853684012247e-09,8.27853684012247e-09,8.27853684012247e-09,8.27853684012247e-09,8.2785368400733e-09,0.0368966390206731,0.366740448279869,8.27853684012247e-09,0.498444665611683
"2497_11660",0.167803818629094,8.97124163935291e-09,8.97124163935291e-09,8.97124163935291e-09,8.97124163935291e-09,8.97124163934827e-09,8.97124163935291e-09,8.97124163935291e-09,0.01001145832477,0.288777905906761,8.97124163935291e-09,0.533406745369441
"2497_12084",0.0749434886185277,9.19593528103126e-09,9.19593527619093e-09,9.19593528103126e-09,9.19593528103126e-09,9.19593528097665e-09,9.19593528103126e-09,0.0189962289530768,9.19593528103126e-09,0.280298075673944,9.19593528103126e-09,0.625762133186969
"2497_12508",0.0661282911833038,9.17236730262771e-09,0.0818819538930067,0.0114312231931297,9.17236730262771e-09,9.17236730262771e-09,9.17236730262771e-09,9.17236730262771e-09,0.0688494785355555,0.312046875762838,9.17236730262771e-09,0.459662122397963
"2497_12932",0.0796889375654137,8.63244433926309e-09,0.0162385824709739,8.63244433926309e-09,0.0125683152929584,8.63244433926309e-09,8.63244433926309e-09,8.63244433926309e-09,0.0106933921685531,0.0125814267216319,8.63244433926309e-09,0.868229293985803
"2497_13356",0.0568126716738514,1.02439618923791e-08,0.171245385198643,0.014055616988738,1.02439618923791e-08,1.02439618923791e-08,1.02439618923791e-08,1.02439618923791e-08,0.104564658937919,0.146464077953863,1.02439618923791e-08,0.506857527783214
"2497_13780",1.13967907960159e-08,1.13967907960836e-08,0.0492512934438473,1.13967907960836e-08,0.037434317927942,1.13967907960836e-08,1.13967907960836e-08,1.13967907960836e-08,0.357037003641945,0.00320284540589521,1.13967907960836e-08,0.553074459802835
"2497_14204",0.162735378048419,9.54596943101045e-09,9.54596943101045e-09,9.54596943101045e-09,9.54596943101045e-09,0.0246393866218006,9.54596943101045e-09,9.54596943101045e-09,0.079754834872247,9.54596943101045e-09,9.54596943101045e-09,0.732870324089778
"2951_1060",0.96113079706512,1.07842431244603e-08,1.07842431244603e-08,1.07842431244603e-08,1.07842431244603e-08,1.07842431244603e-08,1.07842431244603e-08,1.07842431244603e-08,0.0388690950924488,1.07842431244603e-08,1.07842431244603e-08,1.07842431244603e-08
"2951_1484",0.663631028039841,1.17569137588362e-08,1.17569137587664e-08,1.17569137587664e-08,0.187981273181556,0.108195892567919,1.17569137588362e-08,1.17569137587664e-08,0.0401917121553739,1.17569137588362e-08,1.17569137588362e-08,1.17569137587664e-08
"2951_1908",0.871188912999071,0.00259068469300759,0.00501410230950018,1.11042669937604e-08,0.0922177582383743,1.11042669937604e-08,1.11042669937604e-08,0.0289884640301777,1.11042669937604e-08,1.11042669917682e-08,1.11042669937604e-08,1.11042669937604e-08
"2951_2332",0.974277537617498,1.36803452368028e-08,0.0257223255790493,1.36803452368028e-08,1.36803452368028e-08,1.36803452367215e-08,1.36803452367215e-08,1.36803452368028e-08,1.36803452368028e-08,1.36803452368028e-08,1.36803452368028e-08,1.36803452368028e-08
"2951_2756",0.996211896060297,1.53904012227192e-08,1.53904012227192e-08,1.53904012227192e-08,0.00378795003569077,1.53904012227192e-08,1.53904012226278e-08,1.53904012227192e-08,1.53904012227192e-08,1.53904012227192e-08,1.53904012227192e-08,1.53904012146183e-08
"2951_4876",0.971144524102024,1.26395786842079e-08,0.0282813455207309,1.26395786842079e-08,1.2639578684283e-08,1.2639578684283e-08,1.2639578684283e-08,1.26395786842079e-08,0.000574016621036533,1.2639578684283e-08,1.26395786842079e-08,1.2639578684283e-08
"2951_5300",0.911987110209688,1.05661061572823e-08,0.00562823554164775,1.05661061572823e-08,0.0503725278193114,0.0211572077472663,1.05661061572823e-08,0.0108548447193431,1.05661061572823e-08,1.05661061572823e-08,1.05661061572823e-08,1.05661061572823e-08
"2951_8692",0.0221925165908048,8.81879372495769e-09,0.018147352378403,8.81879372495769e-09,0.00143584278381793,8.81879372495769e-09,8.81879372495769e-09,8.81879372495769e-09,0.0208325717643396,0.154510834169279,8.81879372490531e-09,0.782880829400594
"2951_9116",0.0970432282747574,0.0392004900977203,0.0625867852884955,9.78296313410869e-09,9.78296313410869e-09,9.78296313410869e-09,9.78296313410869e-09,9.78296313410869e-09,0.15491393627882,0.210968435881057,9.78296313410869e-09,0.435287065481371
"2951_9540",0.0722199905953482,8.47996274813542e-09,8.47996274813542e-09,8.47996274813542e-09,8.47996274813542e-09,8.47996274813542e-09,8.47996274813542e-09,8.47996274813542e-09,0.0761973384620165,0.0898429593654311,8.47996274813542e-09,0.761739643737502
"2951_9964",0.048413248143461,0.0125872373920884,8.97584424301271e-09,8.97584424301271e-09,0.00955231854831875,8.97584424301271e-09,8.97584424301271e-09,8.97584424301271e-09,8.97584424301271e-09,0.204346213527288,8.9758442429594e-09,0.725100919557934
"2951_10388",0.126749135408211,0.0108037871135933,0.022227757266339,8.723688962339e-09,0.000510476878704183,8.723688962339e-09,8.723688962339e-09,8.723688962339e-09,8.723688962339e-09,0.399849099267841,8.723688962339e-09,0.439859691723178
"2951_10812",0.0722093946598795,8.21918395997041e-09,0.0034461618827615,8.21918395997041e-09,0.0123807226785477,8.21918395997041e-09,8.21918395997041e-09,8.21918395997041e-09,8.21918395997041e-09,0.317022229488919,8.21918395997041e-09,0.594941433755605
"2951_11236",7.1531599004748e-09,0.012701619443279,7.1531599004748e-09,7.1531599004748e-09,0.000193234471136691,7.1531599004748e-09,7.1531599004748e-09,0.00963203440239261,7.1531599004748e-09,0.441172126053181,7.1531599004748e-09,0.536300935557891
"2951_11660",0.151119183625368,0.0132637597608543,9.81489687704777e-09,9.81489687710606e-09,0.00156380058078922,0.00276156965380205,9.81489687710606e-09,9.81489687710606e-09,9.81489687710606e-09,9.81489687710606e-09,9.81489687710606e-09,0.831291617674908
"2951_12084",0.0524368104104267,0.000463691327023462,8.46771298104381e-09,8.46771298104381e-09,0.00052621032287069,8.46771298104381e-09,8.46771298104381e-09,8.46771298104381e-09,8.46771298104381e-09,0.215965775642913,8.46771298104373e-09,0.730607453022776
"2951_12508",0.0983022857308593,0.0142263451412938,0.00637572697369587,8.93904559401897e-09,0.00136252960261371,8.93904559401897e-09,8.93904559401897e-09,0.0657212802480514,0.0137658534156974,0.27090670343021,8.93904559401897e-09,0.529339239701396
"2951_12932",0.0608680270049622,8.80918285297677e-09,8.80918285297677e-09,8.80918285297677e-09,8.80918285297677e-09,8.809182852938e-09,8.80918285292445e-09,8.80918285297677e-09,8.80918285297677e-09,0.126145276846952,8.80918285297677e-09,0.81298661686544
"2951_13356",0.0600322390195304,9.14692634864826e-09,0.0460303751083744,0.0161814217270845,0.0113325469175608,9.14692634864826e-09,9.14692634859394e-09,9.14692634864826e-09,0.00165946867030624,0.19398449949888,9.14692634864826e-09,0.670779403323632
"2951_13780",9.1646109305777e-09,9.1646109305777e-09,0.00480855322541743,9.1646109305777e-09,0.000698209812250152,9.1646109305777e-09,9.1646109305777e-09,9.1646109305777e-09,0.0567375183714241,9.1646109305777e-09,9.1646109305777e-09,0.937755645274021
"2951_14204",0.0128199611498424,1.0218615534371e-08,0.0267873718467093,1.0218615534371e-08,1.0218615534371e-08,1.0218615534371e-08,1.0218615534371e-08,0.0760923958660357,0.0893263925311208,0.126807546210111,1.0218615534371e-08,0.668166271084487
"3405_1060",0.0502910481490865,1.44294319543818e-08,1.44294319543818e-08,1.44294319543818e-08,0.709564507583495,0.173625044937611,0.0318287124265648,1.44294319543818e-08,1.44294319543818e-08,1.44294319543818e-08,0.0346905858972191,1.44294319543818e-08
"3405_1484",0.440289430917508,1.15545062767734e-08,1.15545062767734e-08,1.15545062767734e-08,0.450354717679941,0.0989322348937622,1.15545062767734e-08,1.15545062767734e-08,0.0104235240727388,1.15545062767734e-08,1.15545062767734e-08,1.15545062767048e-08
"3405_1908",0.932142455961694,1.32603359974869e-08,0.0678574114349456,1.32603359974869e-08,1.32603359974869e-08,1.32603359974869e-08,1.32603359974869e-08,1.32603359974869e-08,1.32603359974869e-08,1.32603359974869e-08,1.32603359974869e-08,1.32603359974869e-08
"3405_2332",0.952854159942682,1.86108469662917e-08,0.0471456539488481,1.86108469564958e-08,1.86108469662917e-08,1.86108469662917e-08,1.86108469662917e-08,1.86108469662917e-08,1.86108469662917e-08,1.86108469662917e-08,1.86108469662917e-08,1.86108469662917e-08
"3405_2756",0.999999830825636,1.53794876778779e-08,1.53794876778779e-08,1.53794876778779e-08,1.53794876778779e-08,1.53794876778779e-08,1.53794876778779e-08,1.53794876778779e-08,1.53794876778779e-08,1.53794876778779e-08,1.53794876778779e-08,1.53794876778779e-08
"3405_5300",0.925128143157653,0.00117892956948808,0.00887817774875252,1.18492367622355e-08,0.0457457466454101,0.0190689199340386,1.18492367622355e-08,1.18492367622355e-08,1.18492367622355e-08,1.18492367622355e-08,1.18492367622355e-08,1.18492367622355e-08
"3405_6572",1.40070851505725e-08,0.0066924928231017,1.40070851505725e-08,1.40070851505725e-08,0.101176634894641,0.76697321663927,0.125157543586306,1.40070851505725e-08,1.40070851505725e-08,1.40070851505725e-08,1.40070851505725e-08,1.40070851505725e-08
"3405_6996",1.3727285036341e-08,1.3727285036341e-08,1.3727285036341e-08,1.3727285036341e-08,0.0277059898442307,0.93159252159214,0.0196470833320401,0.0210542954133094,1.3727285036341e-08,1.3727285036341e-08,1.3727285036341e-08,1.3727285036341e-08
"3405_8692",0.0247560758881976,7.74008676533101e-09,7.74008676533101e-09,7.74008676533101e-09,7.74008676533101e-09,7.74008676533101e-09,7.74008676533101e-09,7.74008676533101e-09,7.74008676533101e-09,0.257659532703709,7.74008676533101e-09,0.717584321747313
"3405_9116",0.0636971136142046,1.04056409848681e-08,0.173046416613991,1.04056409848681e-08,1.04056409848681e-08,0.0398461907617441,1.04056409848681e-08,1.04056409848681e-08,1.04056409848681e-08,0.236114595789707,1.04056409848681e-08,0.487295610380867
"3405_9540",0.0376588353015424,0.00603281217011702,0.00113921742858171,8.47220653755003e-09,8.47220653760035e-09,8.47220653755003e-09,8.47220653760035e-09,8.47220653760035e-09,0.109012152084155,0.24934727972632,8.47220653760035e-09,0.596809652456044
"3405_9964",9.54406454356598e-09,9.54406454356598e-09,9.54406454356598e-09,9.54406454356598e-09,0.00421807153740257,9.54406454356598e-09,9.5440645435093e-09,9.54406454356598e-09,0.0419384285541956,9.54406454356598e-09,9.54406454356598e-09,0.953843414011821
"3405_10388",0.0662471011539247,1.00733448761319e-08,1.00733448761319e-08,1.00733448761319e-08,1.00733448761319e-08,1.00733448761319e-08,1.00733448761319e-08,0.00458473873839795,1.00733448761319e-08,0.209724660868371,1.00733448761319e-08,0.719443418652547
"3405_10812",0.0466470446285006,8.5498801985055e-09,8.5498801985055e-09,8.5498801985055e-09,8.5498801985055e-09,8.5498801985055e-09,8.5498801985055e-09,8.5498801985055e-09,0.0136626529070922,0.219484289976808,8.5498801985055e-09,0.720205944088558
"3405_11236",0.0499088449913068,0.0248019646570841,8.81327579412283e-09,8.81327579412283e-09,8.81327579412283e-09,8.81327579412283e-09,8.81327579412283e-09,0.0315376174300957,0.0448245345040945,0.096426683299619,8.81327579407049e-09,0.752500302238145
"3405_11660",8.3765001756026e-09,0.0124562106061226,8.3765001756026e-09,8.3765001756026e-09,0.0115697536598616,8.3765001756026e-09,8.3765001756026e-09,8.3765001756026e-09,8.3765001756026e-09,0.249313784492763,8.3765001756026e-09,0.726660184229251
"3405_12084",0.00271887726233595,0.0506118078669118,8.44298846101183e-09,8.44298846101183e-09,8.44298846101183e-09,8.44298846101183e-09,8.44298846101183e-09,8.44298846101183e-09,8.44298846101183e-09,0.27899125059096,8.44298846101183e-09,0.667677996735884
"3405_12508",0.0375897739905144,0.0734087262684657,0.000802767943255947,9.45470191627679e-09,9.45470191627679e-09,0.00737370494288038,9.45470191627679e-09,0.0227651714097519,9.45470191627679e-09,9.45470191627679e-09,9.45470191627679e-09,0.85805979871692
"3405_12932",0.0737676866757953,0.0369468805188022,8.40143489707921e-09,0.00446660160875481,0.00948980201043722,8.40143489707921e-09,8.40143489707921e-09,8.40143489707921e-09,0.0034435401035849,0.220071665333739,8.40143489707921e-09,0.651813781741712
"3405_13356",0.0324474941208141,7.78324608264593e-09,7.78324608264593e-09,7.78324608264593e-09,0.00845472669437971,7.78324608264593e-09,7.78324608264593e-09,0.00499134416181632,0.0106253915089309,0.292012011539434,7.78324608264593e-09,0.651468985275149
"3405_13780",0.160553609701197,0.0228827179810635,0.0258397588455868,9.02649231474966e-09,0.00232156829269092,9.02649231480326e-09,9.02649231480326e-09,0.00898143935020658,9.02649231480326e-09,0.20170279726247,9.02649231480326e-09,0.577718063434324
"3405_14204",0.0348858476787791,0.0116765482698287,0.00611143505208186,6.71774564249583e-08,0.00249332727211819,8.99126147076172e-09,8.99126147076172e-09,8.99126147076172e-09,8.99126147076172e-09,0.0397051081174897,8.99126147076172e-09,0.905127621475939
"3405_14628",0.00834633776211553,1.01631581182015e-08,1.01631581182015e-08,1.01631581182015e-08,0.0280419918031689,1.01631581182015e-08,1.01631581182015e-08,1.01631581182015e-08,0.163438205604867,0.0138501217520982,1.01631581182015e-08,0.786323271935644
"3405_15052",0.0823152276272089,1.102579604408e-08,1.102579604408e-08,1.102579604408e-08,0.267505531326356,1.102579604408e-08,0.0366796120987961,0.00137925116763066,0.123792632647629,1.102579604408e-08,1.102579604408e-08,0.488327678977603
"3859_1060",0.153508262500449,1.13699547303859e-08,1.13699547303859e-08,1.13699547303859e-08,0.759173556420667,0.0390642224722867,0.0319222449735287,0.0163316340433853,1.13699547303859e-08,1.13699547303859e-08,1.13699547303859e-08,1.13699547303859e-08
"3859_1484",0.799783903205848,1.14271945957002e-08,1.14271945957002e-08,1.14271945957002e-08,0.200215982522206,1.14271945957002e-08,1.14271945957002e-08,1.14271945957002e-08,1.14271945957002e-08,1.14271945957002e-08,1.14271945957002e-08,1.14271945957002e-08
"3859_1908",0.946993822875937,1.47509224090365e-08,0.0455741120033726,0.00743193236238857,1.47509224090365e-08,1.47509224090365e-08,1.47509224090365e-08,1.47509224090365e-08,1.47509224090365e-08,1.47509224090365e-08,1.47509224090365e-08,1.47509224090365e-08
"3859_2332",0.908187531389878,0.0138585401026839,0.0779537921850748,1.51469292693172e-08,1.51469292693172e-08,1.51469292693172e-08,1.51469292693172e-08,1.51469292693172e-08,1.51469292693172e-08,1.51469292693172e-08,1.51469292692273e-08,1.51469292693172e-08
"3859_5300",0.975678579860054,1.51571241589089e-08,0.024321268568704,1.51571241589089e-08,1.51571241589089e-08,1.51571241589089e-08,1.51571241589089e-08,1.51571241589089e-08,1.51571241589089e-08,1.51571241589089e-08,1.51571241589089e-08,1.51571241589089e-08
"3859_5724",0.667816509493304,1.17307544636424e-08,1.1730754463712e-08,1.1730754463712e-08,0.0812931374091246,0.17723093192702,0.0358832156672479,1.1730754463712e-08,0.0200807743582006,1.1730754463712e-08,0.0176953607605762,1.1730754463712e-08
"3859_6148",1.506092521782e-08,1.506092521782e-08,0.00608345147882845,1.506092521782e-08,0.2148110233038,0.779105389669045,1.506092521782e-08,1.506092521782e-08,1.506092521782e-08,1.506092521782e-08,1.506092521782e-08,1.506092521782e-08
"3859_6572",1.33935695229904e-08,1.33935695229904e-08,1.33935695229904e-08,1.33935695229904e-08,0.0340576196840029,0.923548528650387,1.33935695229904e-08,0.042393731123485,1.33935695229904e-08,1.33935695229904e-08,1.33935695229904e-08,1.33935695229904e-08
"3859_6996",0.0477957290505886,0.188695327580195,1.36092662618052e-08,0.016051255474538,1.36092662618052e-08,0.254052217082412,1.36092662617243e-08,0.0931245863564459,1.36092662618052e-08,1.36092662618052e-08,0.400280802800224,1.36092662618052e-08
"3859_8692",0.0786709182830322,0.0503588750059872,0.0240385633368343,9.42863002506196e-09,9.42863002511796e-09,9.42863002511796e-09,9.42863002511796e-09,9.42863002511796e-09,0.0314091915826079,9.42863002511796e-09,0.00426183495358285,0.811260560266175
"3859_9116",0.0881380921217873,0.020003853012303,0.0261034633813869,9.04740036392075e-09,9.04740036392075e-09,9.04740036392075e-09,9.04740036392075e-09,9.04740036392075e-09,0.0787372910097375,0.186970069385283,9.04740036392075e-09,0.600047176805101
"3859_9540",9.65256629382167e-09,9.65256629382167e-09,0.0139312417640659,9.65256629382167e-09,0.00556162947769063,9.65256629382167e-09,9.65256629382167e-09,0.00702538769900781,0.102013726731112,0.130256100594683,9.65256629382167e-09,0.741211855818042
"3859_9964",0.0920662811022292,0.0554192865680268,0.0745943788398023,9.6087622767769e-09,9.60876227683397e-09,9.60876227683397e-09,9.60876227683397e-09,9.60876227683397e-09,0.0231594968079126,0.209215158667706,9.60876227683397e-09,0.545545340361749
"3859_10388",0.0385759767340282,9.53046121573269e-09,0.00576476645576066,9.53046121573269e-09,0.000450902559770706,9.53046121573269e-09,9.53046121573269e-09,9.53046121573269e-09,0.0107740637051759,0.0068352589676102,9.53046121573269e-09,0.937598974394887
"3859_10812",8.65485710885154e-09,0.00428760599348084,8.65485710885154e-09,8.65485710885154e-09,0.00385714223631496,8.65485710885154e-09,8.65485710885154e-09,0.0162239225487759,0.0636689748125409,0.0569361204122337,8.65485710880014e-09,0.855026182067511
"3859_11236",0.00126904360087704,8.71213184940183e-09,8.71213184940183e-09,8.71213184940183e-09,0.00540170507363008,8.71213184940183e-09,8.71213184940183e-09,8.71213184940183e-09,0.02828832666809,0.323386661817825,8.71213184940183e-09,0.641654201854655
"3859_11660",0.129093085001901,9.98125111973282e-09,0.0720597488674261,9.98125111973282e-09,0.0137334541296841,9.98125111973282e-09,9.98125111973282e-09,9.98125111973282e-09,9.98125111973282e-09,0.0590379177245653,9.98125111973282e-09,0.726075724407665
"3859_12084",8.50511634378923e-09,8.50511634378923e-09,0.0263287895126274,8.50511634378923e-09,8.50511634378923e-09,8.50511634378923e-09,8.50511634378923e-09,0.0160561603774054,0.0949996182004462,0.265937081992465,8.50511634373872e-09,0.596678290381242
"3859_12508",0.0594558715622763,8.50188576339454e-09,8.50188576339454e-09,8.50188576339454e-09,0.00608151034635537,8.50188576339454e-09,8.50188576339454e-09,8.50188576339454e-09,0.0258212065655359,0.16852258647545,8.50188576339454e-09,0.740118765537182
"3859_12932",0.0284312740187356,8.07630012873682e-09,0.0157112457086983,8.07630012873682e-09,0.00868220991187101,8.07630012873682e-09,8.07630012873682e-09,0.0143333076415675,0.00664085500922569,0.032876468057355,8.07630012873682e-09,0.893324599271046
"3859_13356",0.135973268421019,0.0155846592765414,9.72365874104664e-09,9.72365874104664e-09,0.0201619286464175,9.72365874104664e-09,9.72365874098889e-09,9.72365874104664e-09,9.72365874104664e-09,9.72365874104664e-09,9.72365874104664e-09,0.828280065866752
"3859_13780",0.223845857533056,9.98109170312471e-09,9.98109170312471e-09,9.98109170312471e-09,9.98109170312471e-09,9.98109170312471e-09,9.98109170312471e-09,0.0692298229202479,9.98109170312471e-09,9.98109170312471e-09,9.98109170312471e-09,0.706924229716871
"3859_14204",0.00388658213908882,9.00213452116393e-09,9.0021345214126e-09,9.0021345214126e-09,9.0021345214126e-09,9.0021345214126e-09,9.0021345214126e-09,0.0306369993283931,0.0283731608679295,0.117449012263659,9.00213452135913e-09,0.819654182385988
"3859_14628",0.0736599537141901,9.31150452830106e-09,0.00160748955788287,0.00429175903028662,9.31150452830106e-09,0.00110873526951771,9.31150452830106e-09,9.31150452830106e-09,0.111049550642676,0.299434919057212,0.011622299636828,0.497225255845388
"3859_15052",0.0344931870613934,1.02810150658087e-08,0.0501660193285418,1.02810150658087e-08,0.00464581637586339,1.02810150658087e-08,1.02810150658087e-08,1.02810150658087e-08,0.170882197170465,1.02810150658087e-08,1.02810150658087e-08,0.739812708096631
